                                 OLS Regression Results                                
=======================================================================================
Dep. Variable:                   CEMI   R-squared (uncentered):                   0.977
Model:                            OLS   Adj. R-squared (uncentered):              0.977
Method:                 Least Squares   F-statistic:                          2.215e+04
Date:                Fri, 15 May 2026   Prob (F-statistic):                        0.00
Time:                        00:18:08   Log-Likelihood:                     -1.2551e+05
No. Observations:               35000   AIC:                                  2.512e+05
Df Residuals:                   34932   BIC:                                  2.517e+05
Df Model:                          68                                                  
Covariance Type:            nonrobust                                                  
=================================================================================
                    coef    std err          t      P>|t|      [0.025      0.975]
---------------------------------------------------------------------------------
dynamic_-11      -0.1077      0.554     -0.194      0.846      -1.194       0.979
dynamic_-10      -0.0161      0.554     -0.029      0.977      -1.103       1.070
dynamic_-9        0.0138      0.554      0.025      0.980      -1.073       1.100
dynamic_-8       -0.0295      0.554     -0.053      0.958      -1.116       1.057
dynamic_-7       -0.1469      0.554     -0.265      0.791      -1.233       0.940
dynamic_-6        0.0432      0.554      0.078      0.938      -1.043       1.130
dynamic_-4        0.0615      0.554      0.111      0.912      -1.025       1.148
dynamic_-3       -0.2632      0.554     -0.475      0.635      -1.350       0.823
dynamic_-2        0.2762      0.554      0.498      0.618      -0.810       1.363
dynamic_-1       -0.1653      0.554     -0.298      0.766      -1.252       0.921
dynamic_0         4.9769      0.554      8.978      0.000       3.890       6.063
dynamic_1         5.4347      0.554      9.804      0.000       4.348       6.521
dynamic_2         5.8309      0.554     10.518      0.000       4.744       6.917
dynamic_3         6.5211      0.554     11.764      0.000       5.435       7.608
dynamic_4         6.9547      0.554     12.546      0.000       5.868       8.041
dynamic_5         7.4111      0.554     13.369      0.000       6.325       8.498
dynamic_6         7.9535      0.554     14.347      0.000       6.867       9.040
dynamic_7         8.6124      0.554     15.536      0.000       7.526       9.699
dynamic_8         8.8229      0.554     15.916      0.000       7.736       9.909
dynamic_9         9.5630      0.554     17.251      0.000       8.476      10.650
dynamic_10        9.8358      0.554     17.743      0.000       8.749      10.922
dynamic_11       10.3213      0.554     18.619      0.000       9.235      11.408
dynamic_12       10.8808      0.554     19.628      0.000       9.794      11.967
dynamic_13       11.2367      0.554     20.270      0.000      10.150      12.323
dynamic_14       11.8815      0.554     21.433      0.000      10.795      12.968
dynamic_15       12.5376      0.554     22.617      0.000      11.451      13.624
dynamic_16       13.1286      0.554     23.683      0.000      12.042      14.215
dynamic_17       13.5283      0.554     24.404      0.000      12.442      14.615
dynamic_18       14.1654      0.554     25.553      0.000      13.079      15.252
dynamic_19       14.4454      0.554     26.058      0.000      13.359      15.532
dynamic_20       14.8629      0.554     26.811      0.000      13.776      15.949
dynamic_21       15.4420      0.554     27.856      0.000      14.355      16.529
dynamic_22       16.0794      0.554     29.006      0.000      14.993      17.166
dynamic_23       16.5401      0.554     29.837      0.000      15.454      17.627
month_2022-05    50.4641      0.406    124.225      0.000      49.668      51.260
month_2022-06    50.7463      0.406    124.920      0.000      49.950      51.542
month_2022-07    50.9262      0.406    125.363      0.000      50.130      51.722
month_2022-08    50.9865      0.406    125.511      0.000      50.190      51.783
month_2022-09    51.2055      0.406    126.050      0.000      50.409      52.002
month_2022-10    51.3790      0.406    126.477      0.000      50.583      52.175
month_2022-11    51.5934      0.406    127.005      0.000      50.797      52.390
month_2022-12    51.9230      0.406    127.816      0.000      51.127      52.719
month_2023-01    51.8367      0.406    127.604      0.000      51.040      52.633
month_2023-02    52.3022      0.406    128.750      0.000      51.506      53.098
month_2023-03    52.4125      0.406    129.021      0.000      51.616      53.209
month_2023-04    52.6383      0.406    129.577      0.000      51.842      53.435
month_2023-05    52.7422      0.406    129.833      0.000      51.946      53.538
month_2023-06    53.0525      0.406    130.597      0.000      52.256      53.849
month_2023-07    53.2904      0.406    131.182      0.000      52.494      54.087
month_2023-08    53.4344      0.406    131.537      0.000      52.638      54.231
month_2023-09    53.5735      0.406    131.879      0.000      52.777      54.370
month_2023-10    53.7334      0.406    132.273      0.000      52.937      54.530
month_2023-11    54.0904      0.406    133.152      0.000      53.294      54.887
month_2023-12    54.2033      0.406    133.430      0.000      53.407      55.000
month_2024-01    54.4179      0.406    133.958      0.000      53.622      55.214
month_2024-02    54.6124      0.406    134.437      0.000      53.816      55.409
month_2024-03    54.8543      0.406    135.032      0.000      54.058      55.651
month_2024-04    55.1218      0.406    135.691      0.000      54.326      55.918
month_2024-05    55.3137      0.406    136.163      0.000      54.517      56.110
month_2024-06    55.3702      0.406    136.302      0.000      54.574      56.166
month_2024-07    55.4929      0.406    136.604      0.000      54.697      56.289
month_2024-08    55.6885      0.406    137.086      0.000      54.892      56.485
month_2024-09    55.9176      0.406    137.649      0.000      55.121      56.714
month_2024-10    56.2444      0.406    138.454      0.000      55.448      57.041
month_2024-11    56.3441      0.406    138.699      0.000      55.548      57.140
month_2024-12    56.5863      0.406    139.296      0.000      55.790      57.383
month_2025-01    56.7664      0.406    139.739      0.000      55.970      57.563
month_2025-02    57.0856      0.406    140.525      0.000      56.289      57.882
==============================================================================
Omnibus:                    34863.113   Durbin-Watson:                   1.998
Prob(Omnibus):                  0.000   Jarque-Bera (JB):          1209726.531
Skew:                           5.203   Prob(JB):                         0.00
Kurtosis:                      29.856   Cond. No.                         2.71
==============================================================================

Notes:
[1] R² is computed without centering (uncentered) since the model does not contain a constant.
[2] Standard Errors assume that the covariance matrix of the errors is correctly specified.